1	3	8
1	4	9
1	7	10
1	11	8
1	15	1
1	17	10
1	26	10
1	27	8
1	28	8
1	31	8
1	32	10
1	37	10
1	38	9
1	42	6
1	43	10
1	44	5
1	47	10
1	48	10
1	51	8
1	52	1
1	53	10
1	58	8
1	60	7
1	61	10
1	62	7
1	66	10
1	68	6
1	69	1
1	72	9
1	74	10
1	80	8
1	87	10
1	88	10
1	91	7
1	94	9
1	98	1
1	103	10
1	104	10
1	106	6
1	109	2
1	110	9
1	111	10
1	112	2
1	113	6
1	116	10
1	117	8
1	119	10
1	120	10
1	123	10
1	126	10
1	133	10
1	138	4
1	139	5
1	144	9
1	146	7
1	149	8
1	152	10
1	157	10
1	159	7
1	161	2
1	162	10
1	167	10
1	168	10
1	170	10
1	176	1
1	178	7
1	196	7
1	200	7
1	212	9
1	218	7
1	220	5
1	223	3
1	224	8
1	228	8
1	237	8
1	245	7
1	249	9
1	256	1
1	269	6
1	273	9
1	280	6
1	286	6
1	293	9
1	298	7
1	305	1
1	312	10
1	317	1
1	320	10
1	329	8
1	334	10
1	336	9
1	338	7
1	340	10
1	343	10
1	349	9
1	358	8
1	363	6
1	371	9
1	378	6
1	402	9
1	420	7
1	427	6
1	428	7
1	452	8
1	453	10
1	463	9
1	468	9
1	483	8
1	488	9
1	532	10
1	534	9
1	543	6
1	566	8
1	599	10
1	632	7
1	639	9
1	643	9
1	655	3
1	656	7
1	671	9
1	674	8
1	675	7
1	687	7
1	689	7
1	700	8
1	707	8
1	710	8
1	731	10
1	747	8
1	756	10
1	763	10
1	770	10
1	779	7
1	786	7
1	803	6
1	806	10
1	817	9
1	821	10
1	823	6
1	824	7
1	831	6
1	838	7
1	839	10
1	871	10
1	878	7
1	894	8
1	901	8
1	935	10
1	939	10
1	949	8
1	979	6
1	989	7
1	994	8
1	1017	10
1	1033	7
1	1044	8
1	1047	10
1	1084	6
1	1094	9
1	1101	10
1	1107	10
1	1112	5
1	1131	9
1	1152	7
1	1154	6
1	1162	8
1	1168	8
1	1202	8
1	1215	10
1	1224	7
1	1227	7
1	1228	8
1	1236	8
1	1239	9
1	1242	7
1	1245	7
1	1248	5
1	1258	7
1	1267	7
1	1273	10
1	1282	8
1	1286	7
1	1299	6
1	1303	8
1	1305	10
1	1322	6
1	1330	7
1	1344	10
1	1347	7
1	1370	8
1	1373	8
1	1375	9
1	1385	10
1	1396	6
1	1401	6
1	1404	7
1	1420	7
1	1458	8
1	1509	6
1	1514	9
1	1523	8
1	1534	8
1	1572	6
1	1578	10
1	1587	8
1	1599	10
1	1604	6
1	1607	8
1	1611	10
1	1624	10
1	1636	9
1	1637	6
1	1638	8
1	1657	7
1	1660	8
1	1669	6
1	1679	3
1	1693	7
1	1707	9
1	1720	9
1	1745	7
1	1773	9
1	1777	10
1	1780	10
1	1788	9
1	1794	7
1	1797	8
1	1803	6
1	1816	2
1	1818	5
1	1821	6
1	1824	7
1	1827	8
1	1829	7
1	1830	10
1	1841	2
1	1842	4
1	1845	6
1	1866	5
1	1868	10
1	1869	8
1	1878	8
1	1887	10
1	1900	8
1	1914	8
1	1921	8
1	1923	7
1	1945	6
1	1967	7
1	1972	6
1	1984	10
1	1987	10
1	1995	6
1	2007	9
1	2068	10
1	2092	7
1	2094	9
1	2103	8
1	2124	8
1	2126	7
1	2150	10
1	2160	4
1	2163	6
1	2177	8
1	2195	8
1	2216	7
1	2223	7
1	2236	7
1	2242	5
1	2284	9
1	2299	8
1	2302	8
1	2307	7
1	2363	7
1	2366	8
1	2515	7
1	2536	7
1	2545	8
1	2553	8
1	2568	8
1	2570	9
1	2580	8
1	2586	8
1	2620	8
1	2632	10
1	2652	7
1	2668	7
1	2672	9
1	2675	8
1	2676	3
1	2686	3
1	2703	3
1	2706	7
1	2737	8
1	2738	10
1	2758	6
1	2775	7
1	2793	8
1	2809	6
1	2821	6
1	2830	8
1	2846	7
1	2847	8
1	2868	6
1	2878	6
1	2880	8
1	2883	4
1	2888	6
1	2892	7
1	2894	9
1	2918	8
1	2933	8
1	2961	9
1	2979	6
1	2998	7
1	3017	7
1	3023	10
1	3052	8
1	3066	6
1	3113	8
1	3156	5
1	3178	10
1	3204	8
1	3213	9
1	3222	9
1	3249	9
1	3268	8
1	3276	8
1	3292	8
1	3293	8
1	3332	7
1	3339	10
1	3368	9
1	3398	8
1	3467	9
1	3468	9
1	3478	8
1	3485	8
1	3504	9
1	3516	2
1	3530	1
1	3534	9
1	3572	2
1	3578	2
1	3637	8
1	3639	1
1	3662	7
1	3670	10
1	3683	10
1	3739	5
1	3747	7
1	3762	10
1	3771	2
1	3774	9
1	3807	6
1	3830	7
1	3839	9
1	3867	7
1	3871	7
1	3980	8
1	4016	7
1	4041	8
1	4076	7
1	4096	7
1	4246	6
1	4247	8
1	4248	7
1	4249	8
1	4253	10
1	4264	10
1	4271	10
1	4274	8
1	4281	9
1	4285	7
1	4288	10
1	4293	10
1	4295	8
1	4296	7
1	4298	9
1	4299	8
1	4300	8
1	4303	1
1	4306	7
1	4307	9
1	4321	9
1	4323	8
1	4325	8
1	4333	10
1	4334	10
1	4342	10
1	4345	8
1	4360	8
1	4362	10
1	4366	9
1	4370	8
1	4387	6
1	4391	10
1	4392	7
1	4393	9
1	4399	9
1	4402	6
1	4404	9
1	4405	10
1	4408	10
1	4410	9
1	4413	9
1	4425	8
1	4431	10
1	4435	8
1	4441	9
1	4443	10
1	4446	8
1	4450	10
1	4453	9
1	4456	9
1	4462	8
1	4468	7
1	4470	9
1	4472	9
1	4476	7
1	4479	8
1	4481	9
1	4482	10
1	4494	9
1	4496	10
1	4497	8
1	4499	10
1	4500	10
1	4501	8
1	4502	9
1	4509	8
1	4512	8
1	4525	10
1	4528	9
1	4531	10
1	4534	9
1	4535	10
1	4537	8
1	4549	7
1	4550	7
1	4565	9
1	4571	9
1	4574	8
1	4579	10
1	4586	8
1	4588	10
1	4603	8
1	4620	10
3	7	10
3	17	9
3	34	10
3	37	10
3	38	10
3	43	7
3	44	8
3	47	10
3	48	8
3	51	10
3	61	10
3	62	9
3	66	10
3	94	7
3	95	5
3	106	8
3	133	9
3	136	8
3	138	8
3	145	7
3	157	6
3	162	7
3	168	10
3	173	10
3	178	8
3	245	4
3	254	9
3	273	6
3	334	10
3	336	7
3	343	8
3	347	9
3	371	7
3	382	10
3	639	10
3	675	7
3	687	10
3	707	10
3	709	8
3	747	10
3	756	7
3	786	7
3	878	10
3	939	10
3	979	3
3	1044	9
3	1112	5
3	1152	6
3	1315	7
3	1330	8
3	1373	10
3	1607	5
3	1636	10
3	1679	10
3	1816	9
3	1818	4
3	1837	10
3	1842	3
3	1866	4
3	2195	6
3	2242	1
3	2526	9
3	2676	2
3	2686	5
3	2703	5
3	3113	6
3	3156	6
3	3323	6
3	3339	9
3	3516	2
3	3683	5
3	3771	3
3	3830	9
3	3839	8
3	4334	8
3	4360	8
3	4405	8
3	4408	9
3	4482	10
3	5097	8
6	7	8
6	15	9
6	17	9
6	24	7
6	28	6
6	38	7
6	48	8
6	51	5
6	52	9
6	58	7
6	62	5
6	66	5
6	69	9
6	87	8
6	94	6
6	106	7
6	109	7
6	112	7
6	113	5
6	119	7
6	138	7
6	152	8
6	157	7
6	161	6
6	168	7
6	176	8
6	178	6
6	187	8
6	193	2
6	245	7
6	256	8
6	273	9
6	286	4
6	305	9
6	338	7
6	343	6
6	347	9
6	416	5
6	427	9
6	639	7
6	675	7
6	687	7
6	707	9
6	747	7
6	786	9
6	838	7
6	979	6
6	989	7
6	994	9
6	1044	9
6	1112	6
6	1152	7
6	1168	8
6	1224	8
6	1245	9
6	1258	6
6	1347	8
6	1370	8
6	1373	8
6	1401	7
6	1404	6
6	1420	8
6	1458	8
6	1509	8
6	1534	6
6	1572	7
6	1599	6
6	1607	4
6	1693	7
6	1697	4
6	1821	6
6	1827	6
6	1866	7
6	1945	5
6	2103	6
6	2163	6
6	2216	5
6	2223	8
6	2236	7
6	2284	8
6	2307	4
6	2363	3
6	2366	6
6	2515	8
6	2545	8
6	2568	6
6	2570	7
6	2668	6
6	2672	6
6	2675	7
6	2703	3
6	2738	7
6	2775	8
6	2846	6
6	2847	7
6	2878	9
6	2883	4
6	2888	7
6	2894	8
6	2918	7
6	2933	7
6	2961	7
6	2979	8
6	3156	8
6	3178	5
6	3204	6
6	3213	8
6	3249	7
6	3292	8
6	3293	7
6	3504	8
6	3578	5
6	3762	7
6	3830	7
6	4076	7
6	4273	8
6	4281	9
6	4303	6
6	4360	9
6	4531	7
7	15	8
7	20	9
7	26	9
7	38	7
7	44	6
7	47	9
7	48	8
7	52	8
7	66	8
7	69	9
7	94	8
7	99	8
7	127	8
7	161	8
7	178	6
7	182	8
7	273	7
7	286	6
7	305	8
7	312	8
7	402	7
7	419	7
7	453	8
7	632	6
7	639	7
7	655	10
7	675	8
7	731	10
7	747	8
7	756	8
7	760	5
7	763	7
7	764	6
7	779	8
7	786	7
7	894	6
7	901	5
7	979	7
7	989	7
7	994	7
7	1044	7
7	1101	6
7	1152	5
7	1248	6
7	1267	6
7	1282	7
7	1315	4
7	1401	6
7	1528	7
7	1560	7
7	1720	8
7	1818	6
7	1830	8
7	1837	5
7	1842	6
7	1845	6
7	1866	4
7	1995	5
7	2291	6
7	2439	4
7	2445	2
7	2547	6
7	2703	2
7	2816	6
7	2963	6
7	3156	3
7	3572	6
7	3639	3
7	3739	7
7	3771	1
8	7	10
8	11	8
8	15	9
8	16	8
8	17	9
8	24	7
8	26	7
8	28	9
8	37	10
8	38	10
8	42	10
8	43	10
8	44	7
8	47	7
8	48	9
8	51	9
8	52	9
8	55	9
8	61	7
8	62	7
8	66	8
8	69	8
8	94	8
8	97	8
8	106	7
8	109	7
8	111	9
8	112	7
8	113	9
8	127	9
8	134	3
8	139	9
8	144	8
8	149	10
8	159	10
8	161	10
8	165	8
8	168	7
8	176	8
8	178	9
8	194	1
8	204	8
8	208	10
8	218	9
8	224	9
8	227	7
8	228	9
8	245	10
8	256	8
8	260	7
8	269	7
8	273	10
8	285	8
8	287	6
8	298	7
8	305	9
8	317	7
8	334	7
8	336	10
8	363	10
8	405	7
8	417	10
8	427	9
8	460	8
8	479	7
8	534	8
8	546	10
8	565	4
8	639	9
8	655	9
8	656	10
8	675	10
8	687	10
8	707	8
8	747	8
8	786	8
8	824	9
8	894	9
8	901	9
8	979	8
8	989	9
8	994	8
8	1044	7
8	1084	7
8	1112	9
8	1152	6
8	1245	8
8	1258	6
8	1282	8
8	1305	8
8	1322	7
8	1347	9
8	1370	9
8	1373	8
8	1401	10
8	1404	10
8	1420	9
8	1509	9
8	1523	10
8	1572	6
8	1599	1
8	1624	8
8	1657	10
8	1707	8
8	1745	7
8	1773	8
8	1777	7
8	1780	8
8	1788	7
8	1797	9
12	7	9
12	8	7
12	11	7
12	15	7
12	17	9
12	20	6
12	21	5
12	26	9
12	28	8
12	32	9
12	33	8
12	37	10
12	38	9
12	42	8
12	43	8
12	44	8
12	47	7
12	48	8
12	49	8
12	51	9
12	52	6
12	61	9
12	62	9
12	66	9
12	69	7
12	81	7
12	84	6
12	87	8
12	90	8
12	91	5
12	92	7
12	94	8
12	95	8
12	98	7
12	103	8
12	106	6
12	111	6
12	112	8
12	113	9
12	119	8
12	123	9
12	128	3
12	134	9
12	138	7
12	139	9
12	146	8
12	149	8
12	152	9
12	154	8
12	158	9
12	159	9
12	161	8
12	165	5
12	166	3
12	167	5
12	168	7
12	176	7
12	178	9
12	179	7
12	195	6
12	211	8
12	216	9
12	218	4
12	220	6
12	224	7
12	227	6
12	228	7
12	244	3
12	245	6
12	248	9
12	256	8
12	269	7
12	273	6
12	280	6
12	285	8
12	286	9
12	305	7
12	334	10
12	336	9
12	338	9
12	343	9
12	363	9
12	402	7
12	453	8
12	460	6
12	476	7
12	534	9
12	543	6
12	565	7
12	566	6
12	632	5
12	639	9
12	656	6
12	674	8
12	675	7
12	687	7
12	707	6
12	731	8
12	747	8
12	763	8
12	786	7
12	803	7
12	806	9
12	821	8
12	823	6
12	838	5
12	846	7
12	847	9
12	871	8
12	878	6
12	894	7
12	979	8
12	989	6
12	994	7
12	1017	6
12	1044	7
12	1084	6
12	1112	5
12	1152	3
12	1154	7
12	1239	8
12	1245	6
12	1248	6
12	1258	8
12	1282	5
12	1305	6
12	1322	8
12	1330	7
12	1347	7
12	1370	6
12	1373	7
12	1375	6
12	1396	6
12	1401	6
12	1404	6
12	1420	6
12	1458	5
12	1509	5
12	1523	6
12	1599	7
12	1607	8
12	1625	5
12	1636	8
12	1637	7
12	1657	5
12	1660	9
12	1679	7
12	1693	6
12	1697	7
12	1707	5
12	1720	6
12	1745	6
12	1752	9
12	1777	5
12	1780	8
12	1788	6
12	1797	7
15	7	9
15	11	7
15	15	10
15	16	8
15	17	9
15	20	10
15	24	9
15	26	8
15	28	10
15	32	8
15	37	10
15	38	8
15	42	10
15	43	10
15	44	5
15	47	10
15	48	8
15	51	8
15	52	8
15	55	8
15	58	10
15	61	8
15	62	10
15	66	10
15	68	8
15	69	10
15	74	8
15	80	8
15	87	10
15	91	7
15	94	7
15	97	7
15	98	6
15	99	7
15	103	6
15	104	9
15	106	7
15	109	7
15	110	6
15	245	7
15	286	8
15	427	9
16	5	10
16	7	10
16	11	2
16	15	4
16	16	9
16	17	9
16	20	9
16	24	7
16	26	3
16	28	9
16	32	5
16	37	8
16	38	6
16	42	10
16	43	9
16	44	1
16	47	10
16	48	1
16	49	4
16	51	6
16	52	4
16	53	10
16	54	7
16	55	10
16	58	10
16	61	6
16	62	4
16	66	6
16	68	10
16	69	4
16	74	8
16	78	9
16	80	9
16	81	9
16	84	8
16	87	9
16	91	7
16	94	4
16	95	9
16	97	3
16	103	2
16	104	7
16	106	1
16	109	5
16	113	5
16	123	2
16	127	2
16	133	10
16	137	5
16	138	1
16	139	2
16	144	4
16	149	3
16	152	10
16	157	8
16	159	5
16	162	8
16	166	8
16	167	8
16	168	8
16	170	1
16	178	3
16	193	7
16	200	1
16	220	3
16	223	9
16	228	6
16	245	8
16	248	6
16	260	2
16	262	3
16	269	4
16	273	8
16	278	8
16	280	10
16	285	8
16	286	2
16	299	4
16	302	10
16	305	3
16	312	10
16	314	7
16	316	8
16	320	7
16	322	5
16	326	6
16	334	9
16	336	5
16	338	1
16	343	1
16	347	9
16	349	10
16	363	4
16	371	10
16	378	5
16	382	9
16	402	7
16	410	5
16	416	5
16	417	9
16	426	7
16	428	6
16	431	5
16	453	6
16	468	8
16	483	4
16	510	8
16	534	9
16	543	1
16	547	6
16	566	5
16	599	2
16	623	4
16	632	1
16	639	6
16	650	6
16	655	2
16	656	3
16	675	5
16	682	6
16	686	7
16	687	2
16	707	8
16	719	5
16	731	1
16	747	2
16	756	10
16	760	3
16	763	3
16	770	8
16	779	9
16	786	7
16	803	8
16	806	9
16	821	5
16	823	1
16	824	5
16	838	4
16	846	2
16	847	7
16	878	10
16	894	9
16	901	8
16	939	10
16	949	8
16	994	8
16	1017	9
16	1044	8
16	1084	1
16	1101	4
16	1107	5
16	1112	4
16	1152	1
16	1154	1
16	1162	6
16	1202	4
16	1224	3
16	1236	4
16	1239	8
16	1245	8
16	1248	1
16	1258	4
16	1267	10
16	1282	8
16	1299	1
16	1305	9
16	1322	1
16	1330	3
16	1344	2
16	1370	7
16	1373	7
16	1375	2
16	1396	1
16	1401	4
16	1404	9
16	1420	2
16	1458	7
16	1509	2
16	1523	6
16	1528	2
16	1534	9
16	1548	7
16	1578	6
16	1604	9
16	1624	9
16	1636	3
16	1679	1
16	1693	3
16	1707	9
16	1745	9
16	1773	8
16	1777	9
16	1780	9
16	1788	7
16	1789	8
16	1797	2
16	1816	3
16	1818	4
16	1830	8
16	1837	8
16	1841	2
16	1866	1
16	1868	5
16	1887	8
16	1921	7
16	1938	8
16	1984	8
16	1987	8
16	1995	2
16	2068	8
16	2124	7
16	2150	9
16	2156	2
16	2160	1
16	2195	9
16	2242	2
16	2284	5
16	2285	5
16	2294	2
16	2299	2
16	2302	8
16	2346	3
16	2366	5
16	2446	1
16	2526	9
16	2559	8
16	2580	8
16	2603	3
16	2620	8
16	2622	5
16	2623	8
16	2627	2
16	2632	3
16	2676	1
16	2686	4
16	2703	1
16	2737	5
16	2738	8
16	2771	4
16	2788	2
16	2830	8
16	2878	2
16	2883	5
16	2894	5
16	2918	8
16	2941	1
16	2961	9
16	3014	5
16	3023	10
16	3052	7
16	3113	9
16	3178	7
16	3222	7
16	3249	9
16	3268	7
16	3276	7
16	3293	3
16	3339	10
16	3368	7
16	3424	9
16	3478	8
16	3516	10
16	3530	1
16	3534	5
16	3572	8
16	3637	9
16	3639	1
16	3670	4
16	3771	1
16	3774	5
16	3830	9
16	3839	8
16	4041	5
16	4096	7
17	5	7
17	7	10
17	15	5
17	16	7
17	17	7
17	21	10
17	24	7
17	26	10
17	32	7
17	36	10
17	37	10
17	40	9
17	42	7
17	43	10
17	44	5
17	47	10
17	48	7
17	51	10
17	52	5
17	55	7
17	58	10
17	61	10
17	62	7
17	65	10
17	66	7
17	80	7
17	81	10
17	84	10
17	87	7
17	91	7
17	94	10
17	97	7
17	99	10
17	103	10
17	106	7
17	109	10
17	111	10
17	112	2
17	113	10
17	118	10
17	119	8
17	123	10
17	133	9
17	139	10
17	144	10
17	146	9
17	149	10
17	157	7
17	158	9
17	159	10
17	162	10
17	166	10
17	167	10
17	168	7
17	170	10
17	176	5
17	178	7
17	193	10
17	200	5
17	220	10
17	223	9
17	224	10
17	227	7
17	228	10
17	245	7
17	248	10
17	256	5
17	273	10
17	281	8
17	305	5
17	312	10
17	336	10
17	343	9
17	363	9
17	371	7
17	402	10
17	417	10
17	428	10
17	453	10
17	483	10
17	543	9
17	566	10
17	599	10
17	632	2
17	639	7
17	656	10
17	675	7
17	687	7
17	707	7
17	747	7
17	756	7
17	763	8
17	770	10
17	786	5
17	806	9
17	821	10
17	823	6
17	838	6
17	871	6
17	894	5
17	979	1
17	994	5
17	1017	10
17	1044	5
17	1084	7
17	1101	10
17	1107	5
17	1112	5
17	1152	7
17	1154	8
17	1202	7
17	1224	8
17	1239	8
17	1245	5
17	1248	6
17	1258	7
17	1267	10
17	1282	7
17	1305	10
17	1330	7
17	1344	10
17	1370	10
17	1373	7
17	1375	5
17	1396	10
17	1401	7
17	1458	7
17	1509	9
17	1523	10
17	1534	5
17	1572	10
17	1578	7
17	1587	9
17	1599	7
17	1604	7
17	1607	9
17	1624	10
17	1636	7
17	1637	5
17	1657	7
17	1707	9
17	1745	9
17	1773	9
17	1777	8
17	1780	10
17	1788	10
17	1797	7
17	1868	9
17	1887	10
17	1984	8
17	2068	10
17	2150	8
17	2446	2
17	2738	10
17	2750	5
17	2778	10
17	3023	10
17	3178	10
17	3339	10
17	3467	3
17	3670	10
17	3762	10
18	7	10
18	15	6
18	16	10
18	17	9
18	24	10
18	26	9
18	28	8
18	38	4
18	42	10
18	43	10
18	44	10
18	47	10
18	48	9
18	51	10
18	55	10
18	58	9
18	61	10
18	62	10
18	68	7
18	80	8
18	87	9
18	91	10
18	94	10
18	97	8
18	98	10
18	99	10
18	106	8
18	109	10
18	112	10
18	113	10
18	133	10
18	138	4
18	139	9
18	144	9
18	149	10
18	152	9
18	157	10
18	159	10
18	162	10
18	168	10
18	176	10
18	178	10
18	200	8
18	220	10
18	223	5
18	245	8
18	256	10
18	273	10
18	286	8
18	312	10
18	317	4
18	336	10
18	338	6
18	363	10
18	371	10
18	402	10
18	428	5
18	483	9
18	534	8
18	543	8
18	566	10
18	632	10
18	639	10
18	656	10
18	675	10
18	687	4
18	707	10
18	747	10
18	803	10
18	821	10
18	838	6
18	894	10
18	979	5
18	1101	5
18	1112	9
18	1152	9
18	1154	7
18	1202	4
18	1224	9
18	1239	4
18	1248	4
18	1282	10
18	1305	10
18	1330	2
18	1347	10
18	1370	10
18	1373	10
18	1375	5
18	1396	7
18	1404	9
18	1509	8
18	1523	9
18	1624	10
18	1657	3
18	1707	8
18	1777	10
19	2	9
19	5	8
19	7	10
19	9	8
19	17	10
19	18	8
19	21	9
19	24	10
19	26	9
19	29	8
19	30	8
19	32	4
19	37	9
19	38	6
19	40	3
19	42	6
19	43	8
19	44	8
19	45	7
19	47	8
19	48	4
19	49	4
19	50	10
19	51	8
19	53	9
19	56	3
19	58	5
19	61	5
19	62	5
19	64	8
19	65	9
19	66	4
19	68	6
19	69	2
19	74	7
19	78	5
19	80	10
19	81	9
19	84	5
19	94	8
19	95	9
19	96	6
19	98	9
19	99	9
19	103	9
19	105	9
19	106	10
19	108	9
19	109	9
19	112	5
19	113	9
19	118	9
19	121	8
19	123	10
19	129	7
19	134	7
19	137	3
19	138	10
19	139	9
19	144	9
19	146	6
19	149	7
19	152	9
19	157	9
19	158	8
19	159	9
19	160	6
19	161	7
19	162	9
19	163	4
19	166	4
19	167	10
19	168	8
19	169	8
19	176	5
19	177	4
19	178	8
19	189	3
19	193	5
19	199	4
19	200	8
19	202	5
19	203	9
19	208	6
19	209	9
19	220	7
19	223	6
19	225	4
19	228	8
19	245	10
19	256	5
19	273	6
19	336	9
19	338	10
19	363	9
19	543	5
19	566	9
19	632	8
19	639	5
19	655	6
19	656	8
19	674	4
19	675	5
19	687	6
19	707	9
19	747	9
19	756	10
19	803	6
19	823	4
19	871	3
19	894	6
19	901	2
19	979	2
19	989	9
19	1033	9
19	1101	6
19	1112	6
19	1152	3
19	1202	3
19	1224	7
19	1239	6
19	1248	6
19	1258	5
19	1305	8
19	1330	4
19	1370	9
19	1373	9
19	1375	6
19	1401	5
19	1404	3
19	1458	4
19	1534	4
19	1572	2
19	1587	9
19	1604	5
19	1624	8
19	1636	9
19	1657	6
19	1720	3
19	1777	8
19	1788	8
20	7	7
20	15	9
20	17	8
20	20	9
20	28	7
20	37	8
20	38	5
20	43	10
20	44	6
20	47	10
20	51	9
20	52	10
20	54	2
20	61	5
20	62	9
20	66	5
20	69	9
20	73	9
20	91	9
20	94	7
20	106	10
20	123	10
20	131	6
20	133	10
20	134	6
20	137	8
20	138	10
20	139	7
20	149	9
20	152	1
20	156	8
20	167	7
20	168	9
20	177	8
20	178	8
20	224	10
20	245	10
20	280	9
20	286	6
20	305	9
20	336	8
20	349	10
20	356	1
20	426	9
20	572	7
20	639	8
20	650	9
20	687	8
20	707	9
20	747	7
20	786	7
20	878	8
20	901	5
20	994	7
20	1044	7
20	1152	7
20	1282	9
20	1299	1
20	1349	10
20	1373	8
20	1548	8
20	1669	7
20	1693	6
20	1816	7
20	1830	3
20	1845	5
20	1868	1
20	2092	6
20	2124	8
20	2126	8
20	2150	8
21	7	9
21	15	9
21	17	8
21	24	8
21	26	6
21	28	8
21	37	8
21	38	9
21	42	8
21	43	10
21	44	7
21	47	8
21	48	7
21	51	8
21	52	8
21	61	8
21	62	8
21	66	9
21	69	8
21	91	8
21	94	7
21	106	8
21	109	7
21	112	7
21	113	7
21	139	7
21	149	9
21	168	8
21	178	8
21	245	8
21	273	9
21	286	7
21	305	9
21	336	8
21	639	9
21	675	9
21	687	8
21	707	7
21	747	7
21	786	6
21	894	9
21	979	8
21	994	7
21	1044	7
21	1112	7
21	1152	6
21	1282	7
21	1370	8
21	1373	9
22	3	10
22	10	9
22	15	10
22	17	5
22	19	10
22	21	7
22	26	7
22	30	6
22	42	7
22	47	7
22	48	10
22	49	10
22	51	10
22	52	10
22	53	6
22	58	9
22	61	7
22	62	9
22	65	9
22	66	10
22	70	8
22	71	6
22	78	9
22	79	7
22	81	7
22	84	2
22	95	10
22	97	10
22	108	8
22	109	8
22	111	9
22	113	10
22	117	10
22	118	9
22	129	9
22	133	10
22	139	6
22	144	9
22	151	10
22	159	10
22	164	8
22	167	10
22	168	10
22	180	8
22	201	7
22	206	9
22	214	6
22	220	9
22	221	10
22	224	10
22	227	7
22	228	9
22	245	8
22	248	10
22	270	10
22	273	8
22	280	8
22	281	7
22	284	10
22	305	9
22	306	8
22	307	10
22	314	8
22	320	8
22	326	8
22	336	9
22	356	10
22	363	10
22	371	10
22	378	8
22	397	10
22	410	9
22	417	7
22	421	8
22	425	5
22	426	5
22	431	8
22	452	5
22	468	8
22	470	7
22	476	6
22	493	6
22	510	7
22	511	8
22	515	10
22	530	8
22	533	10
22	539	7
22	544	6
22	546	8
22	547	8
22	549	6
22	565	9
22	566	8
22	572	5
22	577	6
22	586	10
22	599	9
22	623	6
22	639	9
22	646	8
22	648	8
22	650	10
22	656	9
22	675	5
22	681	9
22	682	7
22	690	9
22	700	8
22	707	10
22	708	7
22	719	5
22	731	6
22	750	9
22	754	9
22	760	6
22	764	9
22	786	9
22	797	7
22	805	7
22	806	7
22	811	7
22	821	2
22	823	7
22	838	5
22	846	7
22	847	6
22	850	10
22	871	7
22	874	7
22	878	10
22	887	9
22	930	7
22	942	6
22	949	7
22	981	10
22	985	7
22	993	7
22	994	9
22	1001	7
22	1007	7
22	1009	7
22	1010	6
22	1028	10
22	1029	8
22	1044	10
22	1055	9
22	1072	8
22	1084	10
22	1109	7
22	1112	7
22	1149	7
22	1152	9
22	1182	10
22	1195	8
22	1208	7
22	1213	6
22	1236	7
22	1239	8
22	1245	10
22	1247	9
22	1278	6
22	1315	6
22	1334	7
22	1347	10
22	1349	10
22	1365	8
22	1373	10
22	1380	6
22	1394	7
22	1409	6
22	1414	7
22	1458	9
22	1468	9
22	1506	5
22	1528	4
22	1534	10
22	1541	4
22	1548	10
22	1554	6
22	1560	6
22	1572	10
22	1625	8
22	1645	7
22	1646	7
22	1650	8
22	1657	8
22	1672	5
22	1673	8
22	1693	5
22	1696	8
22	1697	4
22	1745	10
22	1746	4
22	1747	6
22	1750	9
22	1752	3
22	1763	4
22	1772	9
22	1773	8
22	1776	9
22	1777	8
22	1788	8
22	1789	7
22	1797	10
22	1837	7
22	1854	7
22	1887	7
22	1916	6
22	1938	8
22	1953	8
22	1959	3
22	1964	4
22	1976	8
22	1984	8
22	1995	8
22	2010	7
22	2011	7
22	2045	3
22	2055	7
22	2072	7
22	2096	7
22	2156	7
22	2177	6
22	2188	7
22	2196	9
22	2240	6
22	2284	9
22	2285	8
22	2294	8
22	2299	8
22	2344	7
22	2366	6
22	2406	7
22	2422	8
22	2450	6
22	2480	9
22	2502	7
22	2524	4
22	2526	10
22	2622	8
22	2623	9
22	2649	5
22	2658	10
22	2694	5
22	2850	4
22	2894	10
22	2918	8
22	2921	9
22	2963	8
22	2965	4
22	3424	10
22	3516	7
22	3670	8
22	3830	10
22	4041	9
22	4096	10
23	7	10
23	15	5
23	17	10
23	24	10
23	42	10
23	43	10
23	44	10
23	47	10
23	48	10
23	51	10
23	52	7
23	61	10
23	62	7
23	66	10
23	94	9
23	106	10
23	113	9
23	149	10
23	168	9
23	178	8
23	245	7
23	273	10
23	305	8
23	336	9
23	639	10
23	675	8
23	687	7
23	707	10
23	747	7
23	894	5
23	1112	8
23	1152	10
23	1282	8
23	1370	10
23	1373	10
24	7	10
24	15	9
24	16	10
24	17	10
24	24	8
24	26	2
24	28	10
24	32	8
24	37	10
24	38	10
24	42	5
24	43	10
24	47	10
24	51	10
24	52	10
24	58	6
24	61	5
24	62	10
24	66	10
24	69	10
24	80	10
24	87	10
24	94	5
24	106	5
24	109	4
24	112	3
24	113	5
24	138	3
24	139	4
24	144	4
24	152	5
24	157	10
24	159	5
24	168	8
24	176	2
24	178	7
24	220	5
24	223	6
24	245	5
24	256	3
24	305	10
24	336	5
24	338	6
24	343	6
24	363	5
24	543	7
24	566	4
24	632	1
24	639	10
24	656	7
24	675	10
24	687	2
24	707	10
24	747	5
24	786	10
24	821	7
24	823	2
24	838	3
24	894	8
24	979	2
24	994	10
24	1044	10
24	1112	6
24	1152	8
24	1239	3
24	1245	10
24	1258	3
24	1330	5
24	1370	6
24	1373	10
24	1375	3
24	1404	7
24	1777	8
25	7	9
25	15	10
25	16	8
25	17	10
25	24	9
25	26	8
25	37	10
25	38	8
25	43	8
25	44	4
25	47	10
25	48	8
25	51	10
25	52	9
25	55	8
25	58	10
25	62	8
25	69	10
25	80	8
25	87	8
25	94	10
25	97	8
25	106	8
25	109	10
25	111	7
25	112	8
25	113	10
25	139	10
25	144	8
25	159	10
25	161	8
25	168	10
25	176	7
25	178	10
25	220	7
25	223	8
25	245	9
25	256	7
25	273	10
25	286	7
25	305	10
25	336	10
25	338	7
25	343	8
25	363	8
25	566	7
25	632	7
25	639	8
25	656	7
25	675	10
25	687	10
25	707	10
25	747	9
25	786	10
25	823	8
25	838	7
25	894	7
25	979	9
25	989	8
25	994	10
25	1044	10
25	1084	10
25	1112	8
25	1152	9
25	1239	10
25	1245	10
25	1258	7
25	1305	8
25	1330	10
25	1347	6
25	1370	10
25	1373	10
25	1657	8
25	1777	10
26	7	10
26	15	8
26	16	9
26	17	10
26	24	10
26	26	7
26	44	7
26	47	10
26	48	8
26	51	8
26	52	8
26	61	8
26	62	6
26	66	9
26	69	8
26	87	7
26	94	8
26	97	9
26	106	6
26	109	6
26	111	9
26	112	9
26	113	7
26	138	7
26	139	10
26	144	6
26	149	9
26	157	10
26	159	8
26	161	10
26	168	6
26	176	10
26	178	5
26	220	5
26	223	9
26	245	8
26	256	10
26	273	5
26	286	4
26	305	8
26	336	7
26	338	7
26	363	7
26	543	6
26	566	3
26	632	3
26	639	6
26	656	6
26	675	5
26	687	7
26	707	4
26	747	7
26	763	10
26	786	7
26	821	10
26	823	8
26	838	7
26	894	6
26	901	4
26	979	6
26	989	8
26	994	7
26	1044	7
26	1101	5
26	1112	6
26	1152	8
26	1245	8
26	1248	6
26	1258	7
26	1282	8
26	1305	7
26	1330	8
26	1347	5
26	1370	9
26	1373	4
26	1375	6
26	1401	4
26	1458	3
26	1657	5
26	1788	3
27	7	8
27	15	10
27	17	10
27	24	10
27	26	10
27	38	10
27	42	10
27	43	10
27	44	10
27	47	10
27	48	10
27	51	10
27	52	10
27	58	10
27	61	10
27	66	10
27	69	10
27	87	10
27	94	10
27	106	10
27	109	10
27	112	10
27	113	10
27	139	10
27	144	10
27	149	10
27	159	10
27	168	10
27	178	10
27	245	8
27	273	10
27	286	6
27	305	10
27	336	10
27	363	10
27	632	10
27	639	10
27	675	10
27	687	10
27	707	10
27	747	10
27	786	10
27	979	10
27	994	10
27	1044	10
27	1112	10
27	1152	10
27	1282	10
27	1370	10
27	1373	10
28	2	10
28	5	10
28	7	10
28	17	10
28	21	10
28	24	10
28	26	10
28	32	10
28	38	10
28	40	10
28	42	10
28	43	10
28	44	10
28	45	10
28	47	10
28	48	10
28	49	10
28	51	10
28	53	10
28	58	10
28	61	10
28	62	10
28	65	10
28	66	10
28	68	10
28	78	10
28	80	10
28	81	10
28	84	10
28	87	10
28	91	10
28	94	10
28	95	10
28	98	10
28	99	10
28	106	10
28	109	10
28	111	9
28	112	10
28	113	10
28	118	10
28	121	10
28	123	10
28	129	10
28	133	10
28	138	10
28	139	10
28	144	10
28	149	10
28	154	9
28	158	8
28	159	10
28	161	8
28	166	10
28	167	10
28	168	10
28	169	8
28	170	7
28	176	10
28	178	10
28	193	10
28	201	10
28	206	10
28	220	10
28	223	10
28	224	10
28	245	10
28	248	10
28	256	9
28	260	10
28	270	10
28	273	10
28	280	10
28	281	10
28	285	10
28	286	8
28	287	9
28	314	10
28	320	10
28	334	10
28	336	10
28	338	10
28	343	10
28	349	10
28	356	10
28	363	10
28	378	10
28	397	10
28	405	8
28	417	10
28	428	7
28	431	10
28	452	10
28	468	9
28	483	10
28	510	9
28	566	10
28	632	10
28	639	10
28	675	10
28	687	10
28	707	10
28	731	7
28	747	10
28	756	10
28	803	7
28	821	9
28	823	10
28	871	10
28	901	7
28	979	10
28	989	6
28	1017	10
28	1084	10
28	1112	10
28	1152	10
28	1224	8
28	1239	8
28	1267	9
28	1305	10
28	1330	8
28	1347	10
28	1370	10
28	1373	10
28	1375	10
28	1401	10
28	1404	10
28	1458	8
28	1509	7
28	1523	9
28	1534	9
28	1572	7
28	1587	9
28	1599	10
28	1604	9
28	1607	10
28	1624	10
28	1636	10
28	1637	7
28	1657	10
28	1707	8
28	1773	9
28	1777	10
28	1780	7
28	1788	10
28	1797	10
29	7	8
29	15	6
29	17	7
29	24	7
29	26	9
29	37	7
29	38	10
29	42	10
29	43	10
29	44	2
29	47	10
29	48	7
29	51	8
29	52	6
29	58	8
29	61	6
29	62	7
29	66	9
29	94	7
29	106	7
29	109	7
29	112	7
29	113	7
29	138	7
29	139	7
29	149	7
29	159	8
29	161	10
29	168	3
29	176	7
29	220	7
29	223	5
29	245	7
29	256	7
29	305	7
29	336	8
29	338	7
29	363	8
29	566	6
29	632	5
29	639	8
29	656	8
29	675	7
29	687	5
29	707	4
29	747	7
29	821	5
29	823	7
29	838	4
29	979	7
29	1112	5
29	1152	5
29	1239	6
29	1305	7
29	1330	5
29	1370	7
29	1373	4
29	1777	7
31	15	9
31	17	8
31	48	7
31	51	5
31	62	9
31	94	9
31	106	4
31	168	5
31	245	10
31	639	7
31	675	8
31	707	7
31	747	1
31	1152	9
31	1373	4
32	7	9
32	15	4
32	17	7
32	24	5
32	26	10
32	38	3
32	42	10
32	43	8
32	44	2
32	47	1
32	48	1
32	51	7
32	52	3
32	61	8
32	62	5
32	65	10
32	66	10
32	69	1
32	87	6
32	94	7
32	99	10
32	103	10
32	106	2
32	109	9
32	112	1
32	113	9
32	118	10
32	123	10
32	138	3
32	139	10
32	144	7
32	149	7
32	159	9
32	166	10
32	168	3
32	176	1
32	178	5
32	220	8
32	245	5
32	273	8
32	286	1
32	305	2
32	336	8
32	363	9
32	483	8
32	566	5
32	599	10
32	632	1
32	639	2
32	675	2
32	687	1
32	707	3
32	747	3
32	786	2
32	894	1
32	979	1
32	994	3
32	1044	3
32	1112	4
32	1152	5
32	1305	10
32	1373	2
32	1624	8
32	1887	10
32	2414	4
32	2446	10
32	2479	1
32	2528	5
32	2548	4
32	2738	6
32	3178	8
32	3670	1
33	15	2
33	16	5
33	17	6
33	21	6
33	26	8
33	37	8
33	47	9
33	48	5
33	51	8
33	62	7
33	66	5
33	94	9
33	95	7
33	106	6
33	109	7
33	113	8
33	123	5
33	137	8
33	138	4
33	139	7
33	152	9
33	159	6
33	168	8
33	175	5
33	178	9
33	193	6
33	199	6
33	220	5
33	223	9
33	228	7
33	245	8
33	336	7
33	338	5
33	343	7
33	349	7
33	363	7
33	417	7
33	419	5
33	476	7
33	632	3
33	639	9
33	656	7
33	675	6
33	687	2
33	707	8
33	786	8
33	806	7
33	823	6
33	846	10
33	847	7
33	878	8
33	894	2
33	949	6
33	989	3
33	1044	10
33	1084	6
33	1112	6
33	1152	6
33	1224	4
33	1245	8
33	1258	4
33	1267	5
33	1282	3
33	1330	2
33	1373	8
33	1458	6
33	1509	2
33	1528	7
33	1572	6
33	1604	8
33	1625	3
33	1646	8
33	1693	6
33	1697	4
33	1745	8
33	1746	6
33	1752	6
33	1773	5
33	1803	6
33	1818	4
33	1842	5
33	1866	5
33	1921	5
33	1984	7
33	1995	5
33	2124	4
34	7	9
34	15	8
34	17	9
34	37	8
34	38	7
34	42	7
34	43	9
34	44	7
34	47	9
34	48	8
34	51	8
34	52	8
34	58	7
34	61	8
34	62	7
34	66	10
34	69	7
34	94	8
34	106	6
34	109	8
34	113	7
34	138	6
34	139	7
34	149	6
34	159	8
34	168	8
34	178	10
34	220	7
34	223	9
34	245	9
34	273	6
34	305	8
34	336	8
34	338	7
34	363	6
34	566	5
34	632	7
34	639	6
34	656	8
34	675	5
34	687	7
34	707	6
34	747	6
34	786	9
34	821	7
34	838	4
34	894	6
34	979	7
34	989	8
34	994	8
34	1044	8
34	1112	6
34	1152	6
34	1245	7
34	1258	5
34	1282	8
34	1305	7
34	1330	3
34	1370	6
34	1373	7
34	1777	8
35	17	10
35	48	10
35	51	10
35	62	10
35	106	10
35	113	10
35	168	10
35	687	10
35	707	10
35	747	10
35	1152	10
35	1373	10
38	15	10
38	17	10
38	44	10
38	47	10
38	48	7
38	51	6
38	52	10
38	54	8
38	61	9
38	66	4
38	94	10
38	106	5
38	109	8
38	113	6
38	139	6
38	168	7
38	178	8
38	193	8
38	245	9
38	336	9
38	639	10
38	675	2
38	687	10
38	707	4
38	747	10
38	901	1
38	1152	7
38	1373	4
38	3771	1
39	15	9
39	38	9
39	44	8
39	47	10
39	48	9
39	51	9
39	52	9
39	61	9
39	62	9
39	66	10
39	94	8
39	106	10
39	178	8
39	245	7
39	305	9
39	675	8
39	747	8
39	1152	8
40	15	3
40	17	9
40	44	7
40	47	9
40	48	10
40	51	7
40	62	8
40	66	9
40	94	3
40	106	9
40	113	7
40	168	7
40	178	10
40	245	10
40	675	6
40	687	8
40	707	8
40	747	8
40	1152	10
40	1373	8
42	7	10
42	15	10
42	17	9
42	24	10
42	26	9
42	37	9
42	38	5
42	42	9
42	43	10
42	44	4
42	47	6
42	48	7
42	51	9
42	52	10
42	62	10
42	69	9
42	94	7
42	103	10
42	106	2
42	109	7
42	112	7
42	113	8
42	134	10
42	139	8
42	149	10
42	159	10
42	168	9
42	178	10
42	220	6
42	245	9
42	273	6
42	305	10
42	336	10
42	363	9
42	632	5
42	639	8
42	675	5
42	687	8
42	707	10
42	747	10
42	786	7
42	894	6
42	979	6
42	994	7
42	1044	8
42	1112	10
42	1152	10
42	1373	10
42	1599	10
42	1604	6
42	1693	10
42	1845	9
44	7	10
44	15	1
44	17	1
44	26	10
44	42	5
44	43	10
44	44	10
44	47	10
44	48	1
44	51	10
44	52	1
44	61	10
44	62	1
44	69	1
44	94	7
44	109	10
44	112	5
44	113	10
44	139	5
44	149	10
44	159	10
44	168	8
44	178	5
44	220	5
44	245	1
44	273	10
44	305	1
44	336	10
44	363	10
44	599	10
44	632	10
44	639	1
44	675	5
44	687	5
44	707	8
44	747	8
44	786	1
44	823	1
44	838	7
44	894	1
44	979	1
44	994	1
44	1044	1
44	1112	7
44	1152	4
44	1202	3
44	1248	5
44	1258	8
44	1330	1
44	1370	10
44	1373	8
44	1375	5
44	1578	10
44	1868	10
44	1987	7
44	2068	10
44	2632	10
44	2738	10
44	3023	10
44	3178	10
44	3339	10
44	3670	10
46	15	7
46	47	10
46	48	4
46	51	10
46	52	7
46	62	10
46	69	4
46	94	5
46	106	4
46	109	9
46	113	9
46	139	4
46	159	9
46	168	4
46	245	1
46	273	7
46	305	7
46	336	9
46	363	9
46	632	7
46	639	7
46	675	4
46	687	9
46	707	4
46	747	4
46	786	9
46	979	7
46	1044	9
46	1112	8
46	1152	5
46	1202	9
46	1248	6
46	1258	8
46	1330	4
46	1845	7
46	2686	5
46	3178	8
47	7	10
47	15	10
47	17	10
47	24	10
47	37	8
47	43	10
47	44	2
47	47	10
47	48	10
47	51	7
47	52	10
47	58	10
47	61	10
47	62	10
47	66	10
47	69	2
47	87	10
47	94	10
47	106	10
47	109	5
47	112	10
47	113	10
47	149	10
47	159	6
47	168	10
47	178	10
47	245	10
47	273	10
47	286	10
47	305	10
47	336	10
47	566	10
47	632	3
47	656	10
47	675	10
47	687	10
47	707	10
47	747	10
47	786	8
47	894	10
47	979	7
47	994	6
47	1044	7
47	1112	7
47	1152	8
47	1282	5
47	1330	10
47	1370	10
47	1373	10
48	7	9
48	15	7
48	17	7
48	38	8
48	43	6
48	48	9
48	52	8
48	61	10
48	62	7
48	66	10
48	94	8
48	106	10
48	168	7
48	178	6
48	245	6
48	273	6
48	305	8
48	675	7
48	687	8
48	707	6
48	747	8
48	1112	8
48	1373	5
51	16	5
51	20	8
51	24	5
51	28	7
51	37	9
51	38	10
51	43	8
51	47	5
51	49	5
51	53	10
51	62	4
51	66	10
51	95	10
51	106	4
51	112	3
51	123	7
51	133	5
51	138	4
51	157	9
51	178	6
51	223	10
51	228	8
51	256	3
51	280	10
51	286	6
51	349	5
51	468	3
51	656	7
51	786	10
51	806	3
51	878	8
51	979	7
51	994	10
51	1044	10
51	1245	10
51	1624	6
51	1830	7
51	1837	2
51	1887	4
51	1984	5
51	2284	2
51	2894	5
51	2918	5
51	3339	8
51	3830	10
52	15	6
52	16	10
52	17	10
52	24	10
52	38	9
52	47	10
52	51	8
52	58	10
52	62	10
52	66	8
52	94	10
52	106	10
52	109	5
52	113	10
52	119	7
52	134	10
52	137	10
52	159	8
52	161	10
52	166	7
52	168	10
52	175	10
52	178	8
52	187	9
52	223	10
52	224	8
52	228	10
52	245	9
52	273	6
52	280	9
52	312	10
52	317	6
52	334	8
52	336	8
52	338	8
52	349	10
52	363	8
52	417	7
52	428	6
52	468	10
52	476	9
52	543	6
52	565	10
52	639	8
52	656	10
52	675	10
52	707	10
52	747	10
52	806	7
52	821	8
52	823	7
52	847	9
52	878	10
52	894	10
52	901	5
52	949	7
52	979	7
52	989	10
52	994	7
52	1084	10
52	1112	7
52	1152	6
52	1202	8
52	1224	8
52	1239	6
52	1245	9
52	1267	7
52	1370	9
52	1373	10
52	1401	9
52	1420	9
52	1458	9
52	1509	10
52	1523	7
52	1604	10
52	1607	10
52	1657	9
52	1693	7
52	1697	6
52	1707	9
52	1745	8
52	1752	8
52	1773	10
52	1780	8
52	1830	10
52	1837	9
52	1841	10
52	1866	7
52	1887	9
52	1984	10
52	2124	7
52	2686	9
52	2738	9
52	3178	8
53	336	8
54	47	8
55	5	9
55	7	10
55	15	7
55	16	10
55	17	10
55	19	9
55	21	10
55	28	10
55	38	10
55	42	10
55	43	10
55	44	8
55	47	10
55	48	7
55	49	10
55	50	9
55	51	10
55	52	8
55	58	8
55	59	10
55	61	10
55	62	9
55	65	10
55	70	10
55	74	10
55	80	10
55	81	9
55	84	9
55	85	8
55	91	10
55	94	10
55	95	8
55	97	8
55	99	9
55	105	8
55	106	8
55	109	10
55	111	8
55	112	7
55	113	10
55	118	10
55	123	9
55	127	10
55	129	8
55	134	10
55	137	10
55	138	7
55	142	10
55	149	9
55	158	8
55	159	9
55	161	7
55	166	9
55	167	10
55	168	9
55	176	8
55	178	9
55	179	9
55	182	8
55	193	10
55	199	10
55	220	8
55	224	8
55	227	8
55	228	10
55	244	10
55	245	9
55	246	9
55	254	10
55	256	8
55	263	10
55	264	8
55	266	9
55	269	8
55	273	10
55	281	10
55	285	10
55	298	8
55	299	9
55	305	8
55	306	9
55	308	8
55	312	10
55	319	10
55	322	10
55	326	10
55	327	10
55	334	9
55	336	7
55	338	8
55	343	9
55	347	10
55	357	10
55	363	9
55	364	9
55	371	10
55	377	10
55	382	10
55	388	9
55	393	8
55	401	9
55	410	10
55	426	10
55	427	9
55	428	8
55	430	10
55	431	9
55	457	10
55	460	8
55	464	10
55	476	9
55	483	8
55	487	9
55	491	9
55	500	9
55	504	10
55	507	9
55	510	7
55	512	10
55	517	9
55	520	8
55	543	8
55	544	8
55	546	9
55	547	9
55	565	9
55	566	10
55	572	9
55	577	8
55	599	10
55	609	10
55	614	10
55	623	9
55	624	9
55	632	9
55	635	10
55	639	9
55	646	9
55	654	9
55	655	8
55	656	10
55	669	8
55	675	7
55	682	10
55	686	8
55	687	10
55	690	10
55	703	9
55	707	9
55	709	10
55	731	10
55	744	8
55	747	10
55	749	10
55	756	10
55	760	10
55	779	8
55	786	8
55	806	8
55	811	10
55	823	8
55	838	10
55	846	7
55	878	9
55	894	8
55	949	8
55	979	9
55	989	8
55	994	10
55	1044	9
55	1084	8
55	1101	7
55	1107	10
55	1112	9
55	1152	6
55	1162	10
55	1236	8
55	1245	9
55	1247	8
55	1248	8
55	1258	7
55	1282	6
55	1305	10
55	1315	6
55	1330	9
55	1347	8
55	1349	9
55	1365	6
55	1370	10
55	1373	7
55	1375	7
55	1396	7
55	1401	9
55	1404	7
55	1409	8
55	1414	9
55	1420	8
55	1458	10
55	1468	9
55	1509	7
55	1523	7
55	1528	10
55	1548	8
55	1572	9
55	1578	10
55	1599	6
55	1607	9
55	1624	9
55	1636	8
55	1637	7
55	1693	10
55	1697	10
55	1745	9
55	1773	6
55	1777	10
55	1780	8
55	1788	10
55	1789	8
55	1816	7
55	1818	7
55	1827	7
55	1830	7
55	1841	10
55	1842	7
55	1845	7
55	1866	7
55	1887	9
55	1921	8
55	1938	8
55	1945	8
55	1953	9
55	1984	9
55	1995	7
55	2092	8
55	2103	7
55	2124	9
55	2126	9
55	2150	7
55	2156	8
55	2163	6
55	2216	6
55	2242	8
55	2366	8
55	2515	9
55	2545	9
55	2568	8
55	2675	8
55	2703	3
55	2738	9
55	2775	8
55	2846	7
55	2847	7
55	2888	8
55	2894	8
55	2918	9
55	2933	8
55	3156	6
55	3204	7
55	3213	7
55	3292	8
55	3339	10
55	3516	6
55	3572	7
55	3762	9
55	3830	10
55	4076	5
56	15	9
56	24	10
56	37	10
56	38	10
56	44	9
56	48	10
56	51	10
56	52	8
56	62	9
56	66	10
56	69	7
56	112	8
56	113	9
56	149	8
56	159	8
56	168	9
56	178	7
56	245	7
56	286	8
56	305	9
56	336	8
56	363	9
56	632	8
56	639	8
56	656	8
56	675	8
56	707	9
56	747	8
56	979	7
56	1044	7
56	1112	7
56	1152	9
56	1330	6
56	1373	6
59	133	10
60	43	8
60	53	7
60	65	7
60	118	7
60	123	7
60	162	9
60	167	7
60	248	5
60	281	7
60	285	3
60	312	8
60	431	4
60	650	10
60	709	9
60	1624	9
60	1887	6
60	2446	6
60	3023	8
63	20	8
63	37	8
63	43	9
63	47	9
63	51	8
63	66	9
63	103	6
63	157	7
63	599	9
63	878	8
63	1624	7
63	1887	3
63	1984	3
63	3339	7